0
0.5
0.73526
0.22057, 0.44563
0.03863, 0.39084, 0.65552
0.11444, 0.20897
0.23191, 0.42520, 0.52571
0.06185, 0.17654, 0.20858, 0.31797
0.06668, 0.12871, 0.28589, 0.45666, 0.59090
0.10838, 0.11857, 0.19679, 0.23559, 0.31524, 0.37300
0.15015, 0.36389, 0.54103, 0.55344, 0.71318, 0.76612, 0.91107
0.01969, 0.08713, 0.12696, 0.18922, 0.24877, 0.35609
0.17765, 0.31352, 0.41244, 0.49846, 0.57633, 0.70857, 0.73041
0.05199, 0.12988, 0.19138, 0.24210, 0.27299, 0.31191, 0.35922, 0.49499
0.18240, 0.27424, 0.58581, 0.67967, 0.71917, 0.82217, 0.90642
0.14083, 0.17569, 0.22147, 0.26700, 0.35651, 0.39536, 0.43934, 0.45235
0.12271, 0.36812, 0.38508, 0.46844, 0.56010, 0.72061, 0.80310, 0.86000, 0.93712
0.03713, 0.06531, 0.11324, 0.11804, 0.13544, 0.18221, 0.25235, 0.39999, 0.42891, 0.46460
0.08570, 0.14057, 0.35809, 0.44535, 0.50140, 0.50781, 0.61168, 0.65143, 0.74179, 0.89057, 0.93947
0.04610, 0.15487, 0.17904, 0.21314, 0.24548, 0.27122, 0.30407, 0.38182, 0.39422, 0.44093
0.07505, 0.22656, 0.47886, 0.53661, 0.61683, 0.63009, 0.68194, 0.73870, 0.80083, 0.84469, 0.92196